28 54 15 25 15 30
[][][][][][][][][][][][][][][][][][][][][][][][][][][]
[]                                                  []
[]                                                  []
[]                                                  []
[]                                                  []
[]                                                  []
[]                                                  []
[]                                                  []
[]                                                  []
[]                                                  []
[]                                                  []
[]                                                  []
[]                                                  []
[]                                                  []
[]                                                  []
[]                                                  []
[]                                                  []
[]                                                  []
[]                                                  []
[]                                                  []
[]                                                  []
[]                                                  []
[]                                                  []
[]                                                  []
[]                                                  []
[]                                                  []
[]                                                  []
[][][][][][][][][][][][][][][][][][][][][][][][][][][]